9
0, 0, 4, 0, 0, 3, 7, 0, 9
8, 5, 0, 9, 6, 0, 1, 3, 2
0, 7, 0, 8, 0, 9, 6, 0, 5
5, 3, 1, 2, 0, 7, 9, 0, 6
0, 0, 0, 0, 7, 6, 5, 0, 4
3, 4, 9, 6, 0, 0, 0, 0, 0
7, 1, 0, 5, 4, 0, 8, 9, 0
2, 6, 3, 7, 0, 0, 4, 0, 0
9, 0, 5, 0, 1, 8, 3, 6, 7
1, -1, 0, 1, 1, 0, 0, 0
-1, 0, 0, 0, 0, 0, 1, -1
1, -1, 0, -1, 0, -1, -1, 0
0, 0, 1, 0, -1, 0, -1, 1
0, -1, -1, 1, 0, 0, 0, 1
1, 0, 0, 0, 0, 0, 1, 1
-1, 1, -1, 0, -1, 1, 1, -1
1, 0, 1, 1, 0, -1, 0, 0
-1, 1, 0, 0, 0, 0, 0, 0
1, 0, 0, 0, 1, 0, -1, 0, -1
-1, 0, 0, 0, 0, 0, 0, 0, 0
1, 0, -1, 0, 1, -1, 1, 1, 0
0, 1, 0, 1, 0, 0, -1, -1, -1
0, -1, 0, 1, -1, 0, 0, 1, 1
1, -1, 0, -1, 0, 0, 1, 1, 0
-1, 0, -1, 0, 1, 1, 0, -1, -1
0, 0, 1, -1, -1, 1, 0, 0, 0
